Date	input3...9.	UT...5.	ReturnAUM.RGE	AdjAUM.AdjGE	GE_USDCAD	SPX_USDCAD	EU_USDCAD	UK_GBPCAD	JP_JPYCAD
01/23/2017	16816756717	0	16768576840	16939633128	-0.002864992	-0.004859444	-0.000168778	0.004986255	-0.002377393
01/24/2017	16727513622	0	16634264343	16768576840	-0.005574605	-0.004179814	-0.007402117	-0.009022958	-0.020956909
01/25/2017	16780888348	0	16831155877	16634264343	0.002995523	0.002511452	0.006176715	0.004495387	0.01213427
01/26/2017	16794732927	0	16794935114	16831155877	1.20E-05	0.000409854	-0.003257134	-0.001257958	0.008708991
01/27/2017	16821131585	0	16845320685	16794935114	0.001438019	0.000734707	0.002015587	0.001630468	0.003078539
01/30/2017	16681938477	0	16537097653	16845320685	-0.008682494	-0.008470836	-0.014256595	-0.014451565	0.00370416
01/31/2017	16607232263	0	16540701742	16537097653	-0.004006117	-0.005087139	-0.000102776	-0.001528441	-0.014956485
02/01/2017	16685556242	0	16751994021	16540701742	0.003981754	0.003635918	0.007371646	0.00977335	0.003168372
02/02/2017	16618281399	0	16546099410	16751994021	-0.004343529	-0.004822282	-0.004432984	-0.009827159	-0.010180149
02/03/2017	16727359428	0	16808752876	16546099410	0.004865887	0.006297093	0.003281619	0.003726259	0.001811039
02/06/2017	16806438746	0	16897078376	16808752876	0.005393149	0.00732756	-0.001968304	0.002264265	0.015511554
02/07/2017	16823657700	-17003000	16860401375	16880075376	0.002184048	0.002894905	0.000945812	0.003372925	-0.001602018
02/08/2017	16855477199	0	16888233964	16860401375	0.00194339	-0.000257405	0.004200111	0.007885851	0.006045119
02/10/2017	17084280014	180554677.2	17081862436	17102437915	-0.000141509	-0.000561798	-0.006305444	-0.003647682	0.020306705
02/13/2017	17183237067	0	17280464396	17081862436	0.005658266	0.006014747	0.006515075	0.005298337	-0.001430172
02/14/2017	17219124114	0	17245584040	17280464396	0.001536659	0.005273389	-0.00247776	-0.003376673	-0.015650434
02/15/2017	17109174543	-169800000	17184405318	17075784040	0.004397101	0.003880031	0.003249316	0.002780215	0.012047829
02/16/2017	17104227449	-2389927.27	17104460505	17182015391	1.36E-05	-0.00277282	0.0035843	-0.001304862	0.002372552
02/17/2017	17171703774	0	17235886024	17104460505	0.003737675	0.005436362	0.000144813	0.001093472	-0.00052139
02/21/2017	17259445983	0	17374870550	17235886024	0.006687617	0.00931347	0.001584675	-0.000591598	0.004503751
02/22/2017	17326585023	0	17397540625	17374870550	0.004095187	0.003252081	0.00493118	0.007231595	0.004918287
02/23/2017	17230003730	0	17131576962	17397540625	-0.005712522	-0.007201588	-0.004398589	-0.00456205	0.001114626
02/24/2017	17178040594	0	17143935301	17131576962	-0.001985401	0.00183756	-0.009477409	-0.007928231	-0.000988458
02/28/2017	17123805528	0	17285616872	16953239276	0.009449497	0.008385275	0.014308421	0.010451715	0.009158504
03/01/2017	17493511204	-4.00E+05	17806867857	17285216872	0.017912736	0.021901386	0.016198209	0.014134053	0.007626505
03/02/2017	17380511817	-13803937.29	17342254647	17793063920	-0.002201153	-0.004221826	-0.001383362	-0.001108231	0.007651209
03/03/2017	17304440819	-138566946.5	17359216482	17203687701	0.003165411	0.003570989	0.00548124	0.000181125	-0.002541078
03/06/2017	17248781595	0	17193549532	17359216482	-0.003202085	-0.004726049	-0.003327915	-0.005152107	-0.000865345
03/08/2017	22251617682	94275697.1	22276897919	22175756958	0.001136108	0.001883129	0.002702455	0.00145102	-0.002290323
03/10/2017	22357643075	0	22392244391	22454830472	0.001547628	-0.000627006	0.004130163	0.001308291	0.013226026
03/13/2017	22388345434	0	22414357691	22392244391	0.001161866	-0.000858889	0.003707891	0.007523542	-0.001278455
03/14/2017	22188318529	-144850000	22121638626	22269507691	-0.003005181	-0.002601074	-0.004573663	-0.005835115	0.002502698
03/15/2017	22294789119	0	22412600743	22121638626	0.005284267	0.00755077	0.002183606	0.005104155	-0.002768293
03/16/2017	22192305921	0	22092411332	22412600743	-0.004501316	-0.01164676	0.006870613	0.008318204	0.002357318
03/17/2017	22269331245	0	22346991877	22092411332	0.003487336	0.002660579	0.005975364	0.005409219	0.004088511
03/20/2017	22208912491	0	22160632687	22346991877	-0.002173893	-0.002868351	-0.001413609	-0.000829023	0.001730893
03/21/2017	21988934079	0	21760042046	22160632687	-0.010409419	-0.015254506	-0.003002158	-0.000553748	0.003984349
03/22/2017	21987972637	0	21989793392	21760042046	8.28E-05	0.003996149	-0.003017044	-0.005535168	-0.018119161
03/23/2017	21992434548	0	21997838829	21989793392	0.000245734	-0.002108087	0.006061966	0.005162392	0.005976759
03/24/2017	22070059454	0	22147989647	21997838829	0.003531037	0.002191008	0.002890051	-0.000290527	0.007784461
03/27/2017	21881197132	0	21887023669	22147989647	0.000266281	-0.000422045	0.003908076	0.001088244	-0.008569945
03/28/2017	22047072284	0	22212207796	21887023669	0.007490133	0.007289119	0.00458681	0.004031284	0.007637107
03/29/2017	22031624499	0	22023416882	22212207796	-0.000372538	0.001047999	-0.007639746	-0.005720872	-0.002521912
03/30/2017	21937711377	0	21831993861	22023416882	-0.004818986	-0.003772934	-0.003041335	-0.000870442	-0.014862104
03/31/2017	21957886520	6295319.71	21959584390	21838289181	7.73E-05	0.001085318	0.001471366	-0.002044639	-0.004947293
04/04/2017	22075009844	0	22158255006	22022485868	0.003771014	0.003698022	0.006060249	0.005884441	-0.006131337
04/05/2017	22003245260	181018.1	21926453801	22158436024	-0.003490006	-0.004427978	-0.001203827	0.002424793	0.005570663
04/06/2017	22017837362	2750000	22029752664	21929203801	0.000541166	0.001854797	0.001193706	-0.002396529	-0.016623886
04/07/2017	21973614937	0	21925745538	22029752664	-0.002178494	-0.002428807	-0.004106753	-0.003704708	0.000524246
04/10/2017	21950156357	0	21921697514	21925745538	-0.001296521	-0.001479383	-0.003894599	0.000604343	0.002574013
04/11/2017	21936165362	0	21925350568	21921697514	-0.000493012	-0.002592272	0.001440102	0.005965436	0.009220097
04/12/2017	21748717902	0	21563675324	21925350568	-0.008508206	-0.009619487	-0.004820758	-0.006282494	-0.010520879
04/13/2017	21631307814	0	21511584629	21563675324	-0.005534718	-0.007039269	-0.003138142	-0.00255155	-0.001655572
04/17/2017	21709009530	0	21881409548	21511584629	0.007941404	0.008993502	0.004008514	0.006443842	-0.002242481
04/18/2017	21781932002	0	21842395017	21881409548	0.002775833	0.004572996	-0.000493085	-0.00400274	0.012781413
04/19/2017	21882467563	0	21974874915	21842395017	0.004222894	0.003659807	0.009267532	0.004404483	0.004477294
04/21/2017	22090051352	0	22067158445	22337279407	-0.001036345	-0.001631511	-0.005760616	-0.004193471	0.014488784
04/24/2017	22368942948	0	22687918285	22067158445	0.014259741	0.008970306	0.035780922	0.019180073	0.007834637
04/25/2017	22682357190	0	22998051981	22687918285	0.013918077	0.014406016	0.016383246	0.013652746	0.004154831
04/26/2017	22604851762	0	22536748972	22998051981	-0.003012751	-0.003755627	-0.003138183	0.000878963	0.014826151
04/27/2017	22745744999	0	22887088890	22536748972	0.006214081	0.007231854	0.0033324	0.002697756	-0.002850396
04/28/2017	22761548432	-4.00E+06	22770493658	22883088890	0.000392997	-8.49E-05	0.002132353	0.000413605	-0.003628493
05/01/2017	22781137923	0	22806579036	22770493658	0.001116762	0.000596653	0.00027982	-0.001809034	0.004809808
05/02/2017	22966174964	591000	23139432298	22807170036	0.007544022	0.006613827	0.011461173	0.011558916	0.007675428
05/03/2017	22938660281	0	22864383108	23139432298	-0.003238078	-0.003016928	-0.001579315	-0.005935886	-0.005196248
05/04/2017	23006220105	0	23073095887	22864383108	0.002906857	0.001530983	0.01114685	0.004170747	0.004040736
05/05/2017	23078842477	0	23159177240	23073095887	0.003480884	0.002039601	0.008307019	0.008226319	-0.009496777
05/08/2017	23150154299	0	23187334532	23159177240	0.001606047	0.001060007	-0.005283605	1.90E-05	0.021366997
05/09/2017	23075549404	0	23024586104	23187334532	-0.002208541	-0.001243915	0.000469672	0.006145641	-0.006856663
05/10/2017	23036738894	325000	22992134447	23024911104	-0.001936231	-0.002339569	-0.003852895	0.002289732	-0.004454679
05/11/2017	23031405743	0	23028418992	22992134447	-0.000129682	-0.000189957	-0.003319443	-0.003403482	0.009745408
05/12/2017	23112391545	0	23201873991	23028418992	0.003871622	0.001367613	0.011104219	0.010514517	0.001791005
05/15/2017	23145935740	0	23145068178	23201873991	-3.75E-05	-5.63E-05	0.001093102	-0.000167974	-0.010330284
05/16/2017	23053633739	0	23031939787	23145068178	-0.000941021	-0.004345716	0.005717381	0.00547271	0.006414301
05/17/2017	22800283543	0	22508921248	23031939787	-0.012778889	-0.018719466	-0.006970854	0.001136343	0.015152372
05/18/2017	22765625857	0	22737492148	22508921248	-0.001235798	0.00305947	-0.007381471	-0.007559427	-0.019001914
05/19/2017	22844031865	0	22935567092	22737492148	0.004006965	0.003396788	0.00875525	0.003246206	-0.0028836
05/23/2017	22896164346	0	22912306766	22935567092	0.000705027	0.001577936	0.000301024	-0.00443189	-0.00686881
05/24/2017	22834556718	0	22778315173	22912306766	-0.002463001	-0.000633417	-0.006279086	-0.00157955	0.001316657
05/25/2017	22913810367	0	22992826490	22778315173	0.003448406	0.004255065	0.001840306	-0.000114596	0.006432522
05/26/2017	22918244053	-75000	22914569915	22992751490	-0.000160315	0.001315364	-0.003637058	-0.007013493	-0.004726101
05/29/2017	22895555065	0	22865608670	22914569915	-0.001307957	-0.001077827	-0.001949952	0.002934852	0.000892236
05/30/2017	22926381775	0	22955944310	22865608670	0.001289455	0.000876496	0.000209476	0.000784358	0.004001546
05/31/2017	23025018242	0	23119205784	22955944310	0.004090661	0.002546054	0.007750701	0.005906762	0.002141497
06/01/2017	23121308658	0	23223428822	23119205784	0.004416712	0.005855396	0.000843858	0.000780039	0.006429666
06/02/2017	23283406201	-3775000	23484418233	23219653822	0.008633274	0.006015273	0.00902637	0.001403171	0.022311839
06/05/2017	23212875394	0	23132177361	23484418233	-0.003476434	-0.002954369	-0.005034864	-0.000778663	-0.001548149
06/06/2017	23146270684	0	23036038648	23132177361	-0.00476241	-0.004626901	-0.007453694	-0.004978725	-0.001416585
06/07/2017	23207124568	650000	23276753395	23036688648	0.003000321	0.003948327	0.001543193	0.001312856	0.000675533
06/08/2017	23192132336	0	23168150736	23276753395	-0.00103404	0.000600604	-0.003332878	-0.004399035	-0.005819937
06/09/2017	23056072226	0	22915774589	23168150736	-0.006085062	-0.006194702	-0.005552472	-0.011057748	-0.000271071
06/12/2017	23035529202	0	23005955387	22915774589	-0.001283835	-0.000197674	-0.007316475	-0.006602559	-0.012555858
06/13/2017	22772740867	0	22524198239	23005955387	-0.010914041	-0.011743414	-0.010351536	-0.013273913	-0.007710617
06/14/2017	22661313951	-1.00E+08	22657779328	22424198239	-0.000155976	-0.002128973	0.002271664	-0.000186343	0.004159827
06/15/2017	22662669071	0	22654715725	22657779328	-0.000350945	0.004596689	-0.008560938	-0.002544466	-0.013440191
06/16/2017	22632515379	75000	22612928162	22654790725	-0.000865446	-0.004078804	0.00657142	0.004798865	0.002171549
06/19/2017	22714479704	0	22807172403	22612928162	0.004080776	0.005491452	0.003017347	0.001593413	0.000661262
06/20/2017	22695999406	0	22657962894	22807172403	-0.001675913	-0.001167238	-0.005180772	-0.012187399	0.012537168
06/21/2017	22685217395	0	22675327876	22657962894	-0.000435946	0.000245341	0.000473167	0.001246474	0.001074139
06/22/2017	22590691051	0	22505628841	22675327876	-0.003765366	-0.005044254	-0.003198621	-0.005978726	-0.008478212
06/23/2017	22679832064	0	22774203488	22505628841	0.004161028	0.003908245	0.003809544	0.006364432	0.0041256
06/26/2017	22660744828	0	22659371363	22774203488	-6.06E-05	-0.001042306	0.002506302	0.001776576	-0.005967132
06/27/2017	22414645948	0	22208299048	22659371363	-0.009205896	-0.012155833	-0.004546416	-0.002795128	-0.004111991
06/28/2017	22423695922	0	22387692708	22208299048	-0.001605588	-0.00041128	-0.002832637	-0.002930202	-0.016322072
06/30/2017	22145229728	0	22105938174	21907585363	-0.001774267	0.001379035	-0.005369718	-0.00585207	-0.014352184
07/04/2017	22069376310	0	21917929758	22105938174	-0.006862294	-0.006001847	-0.010285535	-0.009454332	-0.005731461
07/05/2017	22234648543	620000	22395882110	21918549758	0.007251456	0.00792651	0.00624549	0.007706162	0.00418056
07/06/2017	22012075932	0	21769229474	22395882110	-0.01103242	-0.014664264	-0.005301739	-0.007611935	-0.002411096
07/07/2017	22001816208	0	21979297782	21769229474	-0.00102348	0.003173512	-0.005095061	-0.006547163	-0.016980896
07/10/2017	22024990167	0	22046244928	21979297782	0.000965029	-0.000159313	0.00250721	0.000124045	0.007478899
07/11/2017	22091783793	0	22152496200	22046244928	0.002748189	0.002709282	-0.000393372	-0.003662706	0.008540441
07/12/2017	22101452360	0	22130601917	22152496200	0.001318898	-0.000373025	0.007459739	0.007837359	-0.010682117
07/13/2017	22015236089	0	21930395540	22130601917	-0.00385372	-0.004102474	-0.004109171	-0.002950167	-0.00328393
07/14/2017	22005627866	0	21999493893	21930395540	-0.000278746	-0.001356169	-0.000392608	0.000826209	0.001589546
07/17/2017	21984614028	0	21951612463	21999493893	-0.001501121	-0.001828616	0.000327501	0.000492265	0.003150391
07/18/2017	21973910164	0	21955781812	21951612463	-0.000824994	-0.00078673	-0.002917727	-0.007041846	-0.006256304
07/19/2017	22007437995	0	22048392500	21955781812	0.001860939	0.002626384	-0.00046136	0.004496934	0.000203541
07/20/2017	21579557106	-388985500	21556094336	21659407001	-0.001087268	-0.003686073	0.002572761	-0.000248082	0.005563407
07/21/2017	21494441295	0	21402111744	21556094336	-0.004295508	-0.002359048	-0.010180436	-0.006317845	0.000567413
07/24/2017	21422563112	0	21345474933	21402111744	-0.003598457	-0.002698539	-0.0052474	-0.007349492	-0.008243078
07/25/2017	21521773044	0	21628389001	21345474933	0.004953865	0.004928148	0.007681148	0.009899952	-0.008140132
07/26/2017	21552100833	0	21573481587	21628389001	0.00099205	0.000601896	0.002800601	0.003212048	0.006025887
07/27/2017	21536119287	0	21513718639	21573481587	-0.001040143	-0.002925329	-1.05E-06	-0.000974633	0.009522371
07/28/2017	21360429263	0	21179497180	21513718639	-0.008470433	-0.008206467	-0.010410128	-0.014261693	-0.010326928
07/31/2017	21499450636	0	21649202350	21179497180	0.006965374	0.005826982	0.008935187	0.012032779	0.005736583
08/01/2017	21483536962	-74306502.45	21552949295	21574895848	0.003230955	0.000926043	0.006582963	0.009114818	0.006719661
08/02/2017	21902244474	250712613.8	22060554222	21803661909	0.007228015	0.007663933	0.006820455	0.00493916	0.003981758
08/03/2017	21898383501	0	21851778516	22060554222	-0.002128239	-0.003691106	0.001127908	0.000783779	0.00503684
08/04/2017	21755974863	-3.00E+08	21909879478	21551778516	0.007074131	0.009428935	0.006184274	0.004515684	-0.004703122
08/08/2017	21822185237	0	21763390996	21909879478	-0.002694242	-0.002650338	-0.003512251	-0.003719616	-5.95E-05
08/09/2017	21812396538	-175000	21804261597	21763215996	-0.00037295	0.001724921	-0.004876387	-0.001386267	-0.008139015
08/10/2017	21589664814	0	21354824830	21804261597	-0.010877426	-0.014862115	-0.009745704	-0.014956945	0.011051323
08/11/2017	21221073930	-3.00E+08	21160482157	21054824830	-0.002855264	-0.00034007	-0.008441883	-0.013340345	-0.005081579
08/15/2017	21483566237	0	21573178127	21556582124	0.004171183	0.005292996	0.001171743	-0.000376054	0.004288148
08/16/2017	21146703408	-3.00E+08	21111977162	21273178127	-0.001642159	-0.002897209	0.001289119	0.003713799	-0.007749882
08/17/2017	20876614105	0	20601704772	21111977162	-0.013168291	-0.019622421	-0.006825732	-0.009023923	0.009297358
08/18/2017	20727929336	-1000	20586318444	20601703772	-0.006831888	-0.005662792	-0.010226702	-0.014790128	-0.016106808
08/21/2017	20716780441	0	20709535071	20586318444	-0.000349734	-0.000148423	0.000417792	0.001770998	-0.00401232
08/22/2017	20790501061	0	20862007670	20709535071	0.003439388	0.00661007	0.000432337	-0.000323079	-0.005553715
08/23/2017	20798777125	0	20804194183	20862007670	0.000260451	-0.001705556	0.001032735	-0.001181475	0.006888774
08/24/2017	20701286144	0	20607478943	20804194183	-0.004531467	-0.00537067	-0.002571608	0.000248301	-0.011504969
08/25/2017	20704151598	0	20713719816	20607478943	0.00046214	-0.000446894	0.002372336	0.003358902	0.003805302
08/28/2017	20687544083	0	20671567669	20713719816	-0.000772272	-0.00119426	0.000541258	0.002236997	0.00286564
08/29/2017	20722740433	0	20761458899	20671567669	0.001868405	0.003249634	-0.002167491	-0.004717315	-0.008674056
08/30/2017	20947607831	0	21161514468	20761458899	0.010211507	0.013452211	0.006561276	0.010456732	0.01177591
08/31/2017	20952506314	0	20954985299	21161514468	0.000118315	-0.000457575	-0.000678079	-0.000131225	-0.001424713
09/01/2017	20764002728	0	20568454993	20954985299	-0.009417632	-0.010564777	-0.007386307	-0.00470236	-0.007190447
09/05/2017	20584539679	0	20374063214	20568454993	-0.010224978	-0.013346209	-0.00615942	-0.005541531	-0.001393717
09/06/2017	20469319698	0	20335817258	20374063214	-0.006522075	-0.005729795	-0.006905445	-0.008162107	-0.017084353
09/07/2017	20374469664	0	20293335237	20335817258	-0.003982161	-0.00712507	0.001507057	0.001863739	5.79E-05
09/08/2017	20384466968	0	20389389595	20293335237	0.000241489	-0.001242217	0.002832244	0.003266476	0.002940926
09/11/2017	20531088356	0	20689914518	20389389595	0.007735886	0.009674666	0.006150433	0.003811997	-0.004559585
09/12/2017	20618406285	0	20694118223	20689914518	0.003672056	0.003818646	0.003171398	0.004902959	0.01115255
09/13/2017	20690654573	0	20759278187	20694118223	0.003316648	0.004836407	0.00078898	-0.001567369	0.000641671
09/14/2017	20653296581	0	20621363135	20759278187	-0.001546167	-0.00114168	-0.002575237	-0.002477091	-0.001472782
09/15/2017	20654605581	0	20669989152	20621363135	0.000744801	0.000368192	0.003336591	0.005694296	0.002310596
09/18/2017	20751240209	0	20852106090	20669989152	0.004860716	0.004828464	0.005874564	0.00405578	0.001226882
09/19/2017	20923229389	0	21105923444	20852106090	0.008731638	0.007051953	0.008426448	0.008186248	0.019406773
09/20/2017	20891005904	0	20856504284	21105923444	-0.001651506	-0.002337949	-0.001894402	-0.000333285	-0.002251858
09/21/2017	20979563721	0	21048526114	20856504284	0.003287122	0.004399764	0.003651971	0.004873682	-0.000430057
09/22/2017	20954459841	6500000	20929796141	21055026114	-0.001177014	-0.002676028	0.001466122	0.001919511	0.002734558
09/25/2017	20974679511	0	20987328521	20929796141	0.000603061	0.001103359	-0.003328152	-0.001038924	0.009954103
09/26/2017	20994146872	0	21011390385	20987328521	0.000821349	0.003799174	-0.004577878	-0.00353842	-0.009650372
09/27/2017	21008876585	0	21036036302	21011390385	0.001292773	0.002383187	-0.000543735	-0.000324824	0.002159114
09/28/2017	21231163000	0	21448281759	21036036302	0.010226419	0.009097351	0.014486564	0.013641475	0.004903243
10/03/2017	21549102798	0	21615756737	21463330663	0.003093119	0.002760173	0.003731224	0.002452283	0.008004422
10/04/2017	21387254545	69000	21346189766	21615825737	-0.001920058	-0.00135503	-0.002823955	-4.08E-05	0.00067405
10/05/2017	21544719030	0	21693992247	21346189766	0.006928529	0.009879107	0.001818531	-0.001112328	0.00649091
10/06/2017	21551552559	0	21552468960	21693992247	4.25E-05	-0.000116736	-0.001512163	-0.003314127	0.001977052
10/10/2017	21537542106	0	21529830973	21552468960	-0.000358032	-0.00222939	0.00200972	0.006056574	0.005623209
10/11/2017	21607025759	0	21675805753	21529830973	0.003183224	0.00348724	0.003936609	-0.001166507	-0.002145657
10/12/2017	21503523467	-18422950.37	21426515699	21657382803	-0.00358117	-0.004917259	-0.002669988	-0.002005285	0.00666171
10/13/2017	21569869189	0	21626053970	21426515699	0.002604781	0.00131938	0.002479852	0.008237096	0.013128544
10/16/2017	21705752257	0	21828798095	21626053970	0.005668812	0.006486416	0.001463768	0.001582878	0.00554701
10/17/2017	21610538803	-130364750	21643062032	21698433345	0.001504971	0.003425651	-0.00359081	-0.006982258	0.004068953
10/18/2017	21470585382	0	21339347755	21643062032	-0.006112438	-0.006898097	-0.002730457	-0.003993393	-0.009718521
10/19/2017	21472095788	-1275000	21473171666	21338072755	5.01E-05	-0.001074965	-0.001151195	-0.001475837	0.009085188
10/20/2017	21755210737	-5.00E+05	22031284467	21472671666	0.012690005	0.016692216	0.008493184	0.010419075	0.003013195
10/23/2017	21784402293	0	21796319203	22031284467	0.000547039	-0.000732478	0.001192794	0.003200525	0.013538566
10/24/2017	21846535032	-2900000	21907725502	21793419203	0.002800923	0.003756632	-8.62E-05	-0.002781743	0.003018642
10/25/2017	21962307390	0	22074969532	21907725502	0.005129795	0.004330478	0.007559664	0.008567024	0.006530535
10/26/2017	22060476945	0	22154119542	22074969532	0.004244813	0.004403221	0.004670676	0.002101683	0.00320843
10/27/2017	22254037567	-277634.39	22460504017	22153841908	0.009277707	0.012945723	-7.26E-05	0.003009285	0.012151845
10/30/2017	22150881117	0	22058922346	22460504017	-0.004151472	-0.00736888	0.000918224	-0.000228146	0.006492864
10/31/2017	22263577330	0	22387119073	22058922346	0.005549052	0.00535084	0.009645371	0.011576851	0.00021775
11/01/2017	22313665036	0	22362546994	22387119073	0.002190674	0.001630921	0.001114161	-0.002405401	0.01185741
11/02/2017	22191692376	-2497000	22072947027	22360049994	-0.005350892	-0.006249604	-0.006174236	-0.011817088	0.001749408
11/03/2017	22110116600	0	22070330625	22072947027	-0.001799447	0.000160269	-0.004910752	-0.002204136	-0.00337576
11/06/2017	22116037562	0	22123430740	22070330625	0.00033429	0.000918522	-0.001732684	0.004091234	-0.001092552
11/07/2017	22158845893	0	22213867941	22123430740	0.002483074	0.002277822	-0.003243392	-0.002736174	0.020449704
11/08/2017	22071340912	2.33E-10	22013733206	22213867941	-0.002610068	-0.003094842	-0.004250956	-0.005298627	-0.003692927
11/09/2017	21955786082	0	21800345145	22013733206	-0.007079725	-0.00700718	-0.010970072	-0.007994134	-0.001906179
11/10/2017	21894621802	-2800000	21833089488	21797545145	-0.002810385	-0.002825247	-0.002255292	-0.000986086	-0.008606807
11/13/2017	21923344794	0	21960548022	21833089488	0.001696969	0.004774626	-0.002654509	-0.006891261	-0.010375528
11/14/2017	21964915837	0	21999154715	21960548022	0.001558798	0.001023333	0.005141261	0.003734045	0.001303634
11/15/2017	21874533759	0	21777748849	21999154715	-0.004424547	-0.004707627	-0.000207913	-0.001422598	-0.008109441
11/16/2017	21957471336	0	22055144410	21777748849	0.004448284	0.005078827	0.002260676	0.001288231	0.01246446
11/17/2017	22068296189	0	22172570044	22055144410	0.004725052	0.003365015	0.003847605	0.005752531	0.011066446
11/20/2017	22069155105	0	22076251555	22172570044	0.000321555	0.00029887	0.002913392	0.004800149	-0.00616039
11/21/2017	22192114392	69993500	22253618313	22146245055	0.002771431	0.003670759	-0.000383639	-0.002474488	0.005198602
11/22/2017	22153711804	0	22121806534	22253618313	-0.001440177	-0.00364711	-0.000413918	0.002251675	0.009329736
11/23/2017	22175717591	0	22199893727	22121806534	0.001090208	-0.000550055	0.004355806	0.000203639	0.001568043
11/24/2017	22200343701	0	22231717020	22199893727	0.001413191	0.000401687	0.005033313	0.001692535	-0.001861397
11/27/2017	22203983247	0	22208853755	22231717020	0.000219353	0.001623161	-0.00409244	-0.002680534	0.00578545
11/28/2017	22481630063	0	22759938298	22208853755	0.012379362	0.016991656	0.0083714	0.009263076	-0.00018117
11/29/2017	22576189065	0	22637477349	22759938298	0.002714731	0.002439263	0.003813158	0.007258781	0.004794694
11/30/2017	22761828127	0	22948279857	22637477349	0.008191422	0.010819407	0.005464801	0.002944098	0.002705077
12/01/2017	22420950049	0	22075076218	22948279857	-0.015426368	-0.013644169	-0.023291524	-0.018514791	-0.009871625
12/04/2017	22399230220	0	22365714846	22075076218	-0.001496273	-0.002856575	0.005909529	0.00252032	-0.007165734
12/05/2017	22322024896	0	22208186554	22365714846	-0.005099821	-0.005816605	-0.005528832	-0.005176509	-0.004281509
12/06/2017	22400082493	0	22486929914	22208186554	0.003877103	0.006389685	0.001776312	0.003888679	-0.009202149
12/07/2017	22590226745	0	22782366451	22486929914	0.008505435	0.008746018	0.006148163	0.004508692	0.012558751
12/08/2017	22736183035	-825000	22885297027	22781541451	0.006558444	0.007229129	0.005785964	0.008593329	0.010132487
12/11/2017	22798830032	0	22866769699	22885297027	0.002979963	0.002421988	0.002428774	0.005999026	0.005356207
12/12/2017	22873460095	0	22942976184	22866769699	0.003039159	0.003497113	0.002946189	0.005417219	-0.002335571
12/13/2017	22844881964	0	22814609186	22942976184	-0.001325145	-0.002258239	-0.001780237	0.000703596	0.000217629
12/14/2017	22766268674	0	22672683975	22814609186	-0.004110674	-0.005000588	-0.003988735	-0.002752711	-0.002996905
12/15/2017	22615268997	-196372999.9	22674511331	22476310975	0.002619572	0.007717232	-0.003930529	-0.003547246	-0.002731607
12/18/2017	22859152894	0	23112959743	22674511331	0.011103073	0.007557635	0.017748762	0.014564912	0.015756745
12/19/2017	22877681522	0	22871260186	23112959743	-0.000280681	0.000104165	-0.000995726	0.000648774	-0.003073457
12/20/2017	22835320070	-125000	22749052117	22871135186	-0.00377783	-0.004236726	-0.00413629	-0.001748139	-0.007007748
12/21/2017	22672736788	0	22512126408	22749052117	-0.007083855	-0.007642101	-0.005586203	-0.003109956	-0.008011667
12/22/2017	22706949732	0	22742386698	22512126408	0.001560622	0.001661912	-0.001115594	0.001536386	0.00104187
12/27/2017	22574661995	0	22544777192	22742386698	-0.001323821	-0.002517242	-0.000229901	0.002922065	-0.002683781
12/28/2017	22487177200	0	22402316702	22544777192	-0.003773728	-0.003901361	-0.004547225	-0.002540816	-0.00843021
12/29/2017	22341291804	0	22195829868	22402316702	-0.006510901	-0.010081614	-6.01E-05	0.010181365	0.001363309
01/02/2018	22417998421	0	22508287185	22195829868	0.004027512	0.006331758	-0.000971993	-0.003281869	0.000466933
01/03/2018	22565968125	0	22724698453	22508287185	0.007034058	0.00889369	0.005482341	0.000586863	3.59E-05
01/04/2018	22722071805	0	22890549282	22724698453	0.007414706	0.003307837	0.012514711	0.005361008	0.026311785
01/05/2018	22646243261	0	22553319134	22890549282	-0.004103291	-0.003537362	-0.004489416	-0.005984221	0.000193912
01/08/2018	22711219702	0	22767883079	22553319134	0.002494951	0.003520919	-0.000490864	-0.000535209	0.000273236
01/09/2018	22835533520	0	22955537160	22767883079	0.005255127	0.004649046	0.003693017	0.003620175	0.013294442
01/10/2018	22907954552	0	22953824147	22955537160	0.002002344	0.000651481	0.002324902	0.004671385	0.014887073
01/11/2018	23118211942	0	23322809328	22953824147	0.008850052	0.011470956	0.006375697	0.006489011	-0.003950917
01/12/2018	23086798405	-146704171.1	23178836026	23176105157	0.003986591	0.004501164	0.009232384	0.011116693	-0.005233698
01/15/2018	22975066225	0	22879666933	23178836026	-0.004152297	-0.008074187	0.00061062	-0.000987961	0.004797564
01/16/2018	22912468890	0	22855603983	22879666933	-0.002481832	-0.003484309	-0.002112022	-0.003711373	0.011257282
01/17/2018	23118107663	0	23334689681	22855603983	0.009368501	0.01352311	0.004081944	0.004488773	-0.010796155
01/18/2018	23104671482	0	23089079077	23334689681	-0.000674859	-0.000895178	0.002402337	0.001227948	-0.004513688
01/19/2018	23184879399	0	23268849512	23089079077	0.003621762	0.003136594	0.002888604	-0.000156564	0.011151321
01/22/2018	23312575674	0	23448492290	23268849512	0.005830184	0.007702466	0.004913276	0.006291427	-0.004912583
01/23/2018	23376993134	0	23448003150	23448492290	0.003037603	0.001127781	0.004105505	0.004775816	0.016635688
01/24/2018	23241392760	0	23101598005	23448003150	-0.006014904	-0.00759268	-0.004852048	-0.00406076	-0.0036437
01/25/2018	23169014835	0	23079846060	23101598005	-0.003848622	-0.00417854	-0.000685818	-0.002815315	-0.010728251
01/26/2018	23252388516	-117781552.4	23475381191	22962064507	0.009590098	0.014928924	0.00252466	0.00117125	0.001103145
01/29/2018	23134214902	0	22994847794	23475381191	-0.006024285	-0.006248445	-0.007620724	-0.007175829	-0.001535661
01/30/2018	22930693923	0	22715464584	22994847794	-0.00938608	-0.011339915	-0.0052383	-0.007554535	-0.012911153
01/31/2018	22619282985	-179800000	22504595499	22535664584	-0.005070341	-0.00421867	-0.002677612	-0.004605753	-0.013841479
02/01/2018	22651142717	0	22672216535	22504595499	0.000930364	0.000451605	-0.002833105	-0.003534935	0.010830719
02/02/2018	22439386644	-3499000	22219755931	22668717535	-0.009787732	-0.012521958	-0.007721537	-0.005360033	-0.002945458
02/05/2018	21902483798	0	21352876919	22219755931	-0.025093359	-0.034864916	-0.010723069	-0.015667884	-0.007209194
02/06/2018	22019893641	9959155.25	22082713808	21362836074	0.002852882	0.022621973	-0.025086625	-0.029203876	-0.054641832
02/07/2018	22025767649	0	22059984425	22082713808	0.001553488	-0.004525273	0.015965711	0.017981753	0.00964544
02/08/2018	21574026645	0	21098640616	22059984425	-0.022035109	-0.033007933	-0.014323764	-0.002063128	0.019682706
02/09/2018	21640111051	0	21731934363	21098640616	0.0042432	0.016184752	-0.013980272	-0.023224519	-0.025273576
02/12/2018	21715620735	0	21980838517	21731934363	0.012213226	0.013914604	0.013978811	0.012048648	0.000899304
02/13/2018	21726616239	-22250000	21753154933	21958588517	0.001221483	0.001500174	-0.000943115	0.002724132	0.002484547
02/14/2018	21887593254	0	22076987593	21753154933	0.008653045	0.009742971	0.011113385	0.008915262	-0.004720759
02/15/2018	22095008515	0	22307510264	22076987593	0.009617636	0.00944913	0.00857831	0.007036318	0.022254825
02/16/2018	22217428048	-5.00E+05	22326563591	22307010264	0.004912159	0.001971248	0.010042697	0.008678974	0.016693475
02/20/2018	22238364979	0	22207624432	22326563591	-0.00138232	-0.002718848	0.004678601	0.003854438	-0.010218993
02/21/2018	22233486851	0	22237129001	22207624432	0.000163814	-0.001673183	0.003641269	0.006735764	0.002297434
02/22/2018	22296830788	0	22358278779	22237129001	0.002755907	0.004056188	0.001108249	-0.003726055	-0.000997047
02/23/2018	22390586319	0	22590740050	22358278779	0.008939191	0.013708827	-0.001974326	-0.001043914	0.000252737
02/26/2018	22738675673	0	23000966926	22590740050	0.011535028	0.014431281	0.006854762	0.0063488	0.01533106
02/27/2018	22636179279	-6971408.68	22521960763	22993995517	-0.005045839	-0.009016412	-0.002051131	-0.001231954	0.014447243
02/28/2018	22360408933	-154575000	22227465081	22367385763	-0.005945502	-0.00656026	-0.006058668	-0.009772399	-0.003798717
03/01/2018	22131296632	0	21897768518	22227465081	-0.01055194	-0.010821751	-0.011522334	-0.009326307	-0.011330863
03/02/2018	22189370352	0	22259101321	21897768518	0.003142539	0.008240295	-0.007123323	-0.008112579	-0.016820701
03/05/2018	22528387897	0	22858062382	22259101321	0.014633736	0.017661638	0.018428373	0.018627067	-0.004745567
03/06/2018	22511359097	0	22505753564	22858062382	-0.000249009	-0.003042646	0.00156737	0.001360226	0.011674349
03/07/2018	22629430279	0	22735754228	22505753564	0.004698481	0.00501843	0.009318782	0.007844138	-0.004376951
03/08/2018	22662773690	0	22721417201	22735754228	0.002587658	0.002410574	0.00241761	-0.000415031	0.002734969
03/09/2018	22717208309	0	22790174283	22721417201	0.003211925	0.00920329	-0.004510728	-0.00239871	-0.007465879
03/12/2018	22592065387	0	22640669578	22790174283	0.002151383	-0.001429557	0.002316207	0.000725982	0.022884349
03/13/2018	22661933450	0	22724546722	22640669578	0.002762927	0.000835551	0.003743105	0.002974552	0.014658855
03/14/2018	22596702521	0	22522998356	22724546722	-0.003261722	-0.004417147	-0.003177987	-0.002455435	-0.007080402
03/15/2018	22788735283	0	22975368123	22522998356	0.008189697	0.007785406	0.010576803	0.009668242	0.00873479
03/16/2018	22855353886	0	22932320824	22975368123	0.003367567	0.004657105	0.001859638	0.004351396	0.000682575
03/19/2018	22614836216	0	22357552383	22932320824	-0.011376772	-0.014542912	-0.006978259	-0.009395203	-0.011478156
03/20/2018	22612700521	-2300000	22609820293	22355252383	-0.000127372	0.00109929	-7.93E-05	0.001021	-0.009214596
03/21/2018	22381732663	0	22144689497	22609820293	-0.010590921	-0.011683672	-0.011789185	-0.009355039	-0.008272681
03/22/2018	21956855626	-2903000	21541258524	22141786497	-0.018927897	-0.027006181	-0.014070411	-0.012027785	0.019986644
03/23/2018	21474315400	-6000	20994348647	21541252524	-0.022350736	-0.025811918	-0.009798914	-0.005473467	-0.043312749
03/26/2018	21532434365	-196006781.6	21955339653	20798341866	0.019640384	0.030828938	0.002926198	0.004050397	-0.003354081
03/27/2018	21356467431	0	21157348449	21955339653	-0.009323592	-0.020053788	0.005442459	0.00730075	0.030900128
03/28/2018	21283902962	0	21236093981	21157348449	-0.002246251	-0.002181072	0.001734227	0.004271298	-0.024705204
03/29/2018	21467610618	4051201.61	21664324577	21240145182	0.009163291	0.014162989	0.000510982	-0.003110575	0.00684045
04/02/2018	21176394787	0	20906193619	21664324577	-0.012759545	-0.021427353	0.001828961	0.002709353	0.00190783
04/03/2018	21108829598	0	21044625347	20906193619	-0.003041583	0.004453969	-0.015754019	-0.012276255	-0.019278962
04/04/2018	21269707121	0	21436824113	21044625347	0.007857042	0.013265535	-0.000976927	0.004984777	-0.003170748
04/05/2018	21433932478	0	21588736350	21436824113	0.007222374	0.004546286	0.015742931	0.014770548	0.008060405
04/09/2018	21128904423	0	21139468814	20837781848	0.000499997	-0.000393596	0.001568229	0.000795222	-0.000154503
04/10/2018	21241646498	0	21365186520	21139468814	0.005815934	0.008459829	0.003294464	0.005148792	-0.006288825
04/11/2018	21080717783	0	20915768566	21365186520	-0.007824649	-0.009778725	-0.007417562	-0.003359383	-0.002633627
04/12/2018	21232757767	0	21379926649	20915768566	0.006931218	0.011097878	0.004398338	0.004841641	-0.005704869
04/13/2018	21222209042	0	21202332549	21379926649	-0.000936589	-0.00296574	0.0017122	0.001833119	0.006892251
04/16/2018	21275211168	0	21334092779	21202332549	0.002767616	0.00550998	-0.003241219	-0.005962445	0.001361138
04/17/2018	21429845087	0	21592308108	21334092779	0.007581157	0.010299867	0.005849629	0.001918951	0.000629085
04/18/2018	21541461567	0	21661830579	21592308108	0.005587783	0.00294148	0.007645698	0.009620757	0.018211709
04/19/2018	21519713069	0	21464710762	21661830579	-0.002555903	-0.004739386	0.000235688	0.001778066	0.003656977
04/20/2018	21542012393	0	21572768497	21464710762	0.001427727	0.000467475	0.001764077	0.00019767	0.003544738
04/23/2018	21723522495	0	21883686411	21572768497	0.007372834	0.008584854	0.007267304	0.007403003	-0.006692873
04/24/2018	21569886495	0	21403534987	21883686411	-0.007712211	-0.013688143	-0.00097973	0.004370698	0.006420974
04/25/2018	21612195907	0	21656555959	21403534987	0.002052547	0.006054723	-0.006913997	-0.004041927	-0.007359352
04/26/2018	21735808906	0	21890158229	21656555959	0.007101154	0.009806639	0.003848132	0.004810086	0.007835248
04/27/2018	21742314276	0	21763996903	21890158229	0.000997255	0.000258183	0.000519376	0.000175573	0.005368975
04/30/2018	21557998311	0	21391584196	21763996903	-0.007719368	-0.011464795	-0.003155675	-0.004018775	-0.001317826
05/01/2018	21724934013	0	21834797721	21391584196	0.005057033	0.008922753	-0.002107445	-0.005276623	-0.002613283
05/02/2018	21525514175	0	21369556529	21834797721	-0.007245246	-0.011092034	-0.000441553	-0.000537425	0.001387864
05/03/2018	21560942363	0	21590720966	21369556529	0.001381136	0.001473149	-0.003886449	-0.005882641	0.00298398
05/04/2018	21693930279	0	21831600549	21590720966	0.006346027	0.010259248	0.001860207	0.004288304	0.000663023
05/07/2018	21761188644	0	21833677812	21831600549	0.003331122	0.003067995	0.004703052	0.003392364	0.002713815
05/08/2018	21907042978	0	22071195677	21833677812	0.007493147	0.00805186	0.004525058	0.004399733	0.007041423
05/09/2018	21862640651	-5500	21842970142	22071190177	-0.000899732	0.001623716	-0.001728973	0.009179823	-0.017478428
05/10/2018	21925619340	0	21987796688	21842970142	0.002835831	0.005290624	-0.003227788	-0.007121564	0.00027185
05/11/2018	21982294215	0	22028886910	21987796688	0.002119556	-0.000403284	0.004418556	0.007130579	0.013799272
05/14/2018	22000341256	0	22013233051	22028886910	0.000585982	-0.00060385	2.11E-05	-0.000114842	0.003841966
05/16/2018	21947440532	-7424496.35	21842251778	22093123073	-0.004792757	-0.002290064	-0.010545735	-0.005802845	-0.011549576
05/17/2018	21980535959	0	21997701064	21842251778	0.000780923	-0.001558147	0.006327939	0.007710441	0.003362756
05/18/2018	22058938996	0	22143756660	21997701064	0.003845047	0.003252983	0.001201724	0.00254993	0.010045265
05/22/2018	21993452992	0	21858097623	22143756660	-0.006154348	-0.008452657	-0.000685725	-0.002010986	0.001952113
05/23/2018	22103416570	0	22227102228	21858097623	0.005595771	0.011612377	-0.008616702	-0.008905952	-0.003090894
05/24/2018	22073163689	0	22049843132	22227102228	-0.001056512	-0.0007061	-0.002194034	-0.005458403	-0.000207417
05/25/2018	22142247266	0	22212298028	22049843132	0.00316367	0.004024017	0.001813147	0.003554882	0.006648607
05/28/2018	22179761205	0	22203380572	22212298028	0.001064906	0.002696352	-0.003419516	0.00164921	0.002548465
05/29/2018	21906911480	0	21652542268	22203380572	-0.011611368	-0.011905942	-0.01887574	-0.015112178	0.002659405
05/30/2018	21722793542	-133100000	21683429736	21519442268	-0.001812097	0.002421764	-0.003377842	-0.002489797	-0.027665119
05/31/2018	21810402413	0	21893362734	21683429736	0.003803704	0.000291816	0.006121276	0.008187969	0.01570365
06/01/2018	21934126991	0	22076147500	21893362734	0.006474865	0.009485499	0.007816093	0.003418401	-0.008266554
06/04/2018	22012293648	0	22099902816	22076147500	0.003980011	0.002424814	0.003931384	0.003326743	0.009425717
06/05/2018	22141449756	0	22251781492	22099902816	0.00498304	0.006817679	0.000581218	-0.000183322	0.005981022
06/06/2018	22124061052	0	22136171704	22251781492	0.000547397	0.00089088	0.001884764	0.001996807	-0.001649309
06/07/2018	22268092001	-2500	22393140368	22136169204	0.005615585	0.004317845	0.006327828	0.003347016	0.015393997
06/08/2018	22259075873	0	22251230311	22393140368	-0.000352466	0.002661991	-0.007556226	-0.004717631	-0.007609391
06/11/2018	22383410864	0	22517033271	22251230311	0.005969707	0.003963765	0.013693672	0.009482209	0.004307324
06/12/2018	22341338360	-1.00E+07	22325563381	22507033271	-0.000706089	0.000472347	-0.004049758	-0.008489982	0.003011965
06/13/2018	22252769417	0	22175385713	22325563381	-0.003477486	-0.005137971	-0.000334615	-9.95E-05	0.001898292
06/14/2018	22384756279	-4726771.77	22520990466	22170658942	0.006086025	0.007532742	0.006803159	0.010528973	-0.00352405
06/15/2018	22535622360	-15489195.17	22719860783	22505501271	0.008175431	0.010819942	-0.00105161	-0.008697999	0.011381282
06/18/2018	22486267892	0	22426168252	22719860783	-0.002672726	-0.000916019	-0.007369007	-0.002533396	-0.005752968
06/19/2018	22450146263	0	22404679575	22426168252	-0.002025229	0.000688973	-0.006575713	-0.004312984	-0.007082236
06/20/2018	22535308525	0	22639555264	22404679575	0.004625929	0.003334887	0.005725965	0.005163049	0.011559
06/21/2018	22428282504	0	22321775126	22639555264	-0.004748798	-0.005598016	-0.005796598	-0.002431122	0.009896601
06/22/2018	22581185876	-1.00E+05	22736503868	22321675126	0.006878204	0.004460112	0.016258744	0.020341182	-0.011092576
06/25/2018	22232659562	0	21870366216	22736503868	-0.016295547	-0.016164913	-0.01903443	-0.025206487	-0.003980459
06/26/2018	22255332864	0	22295498548	21870366216	0.001804767	0.002656533	-0.000788721	0.001663491	-0.001652359
06/27/2018	22100375464	0	21936738933	22295498548	-0.007404242	-0.010317318	-0.000573622	0.00281851	-0.002582796
06/28/2018	22021709770	-41325000	22019477671	21895413933	-0.000101359	0.004285603	-0.011505875	-0.006772026	-0.008707269
06/29/2018	21940262944	0	21863261016	22019477671	-0.003509617	-0.007428475	0.008283635	0.002883499	-0.00983293
07/03/2018	21861367397	0	21813213791	21863261016	-0.00220268	-0.007134117	0.009635991	0.007617576	-0.002083382
07/04/2018	21768819966	-77500000	21749583325	21735713791	-0.000883679	-0.000949343	-0.000770647	-0.000964234	-0.00199485
07/05/2018	21829084132	0	21944111446	21749583325	0.005269452	0.007048917	0.007526214	0.003487462	-0.010090667
07/06/2018	21943437104	-9.00E+05	22065473820	21943211446	0.005561422	0.005640288	0.00384322	0.002913946	0.00939403
07/09/2018	22179071428	0	22362120323	22065473820	0.008253226	0.008707499	0.00589752	0.007950133	0.010452572
07/11/2018	22107435368	0	21916053230	22392617505	-0.008656913	-0.007056349	-0.012492437	-0.014258161	-0.013530086
07/12/2018	22297721784	0	22520233086	21916053230	0.009979105	0.01228473	0.008180191	0.009530102	0.002602971
07/13/2018	22324047911	1.00E+05	22353919561	22520333086	0.001338093	0.000661164	-0.000170665	-0.00077862	0.020402754
07/16/2018	22262156595	0	22182082331	22353919561	-0.003596878	-0.003797848	-0.00189585	-0.008615671	-0.001110067
07/17/2018	22412783366	-4824597.34	22571054093	22177257734	0.007061628	0.008523964	0.004867365	0.002625123	0.003378211
07/19/2018	22495071510	0	22472577817	22622812779	-0.000999939	-0.001541942	-0.002435607	-0.00018774	0.009788025
07/23/2018	22386629535	0	22415515664	22161517169	0.00129033	0.002982781	-0.001009841	-0.000908388	-0.010513026
07/24/2018	22528078488	-28000	22655480848	22415487664	0.00565527	0.004972064	0.008836349	0.010140995	0.004999236
07/25/2018	22583838452	0	22657629490	22655480848	0.003267427	0.007374355	-0.007041968	-0.008484458	-0.001640298
07/26/2018	22524011250	0	22458234220	22657629490	-0.002920307	-0.006071092	0.004398438	-0.002403145	-0.001457117
07/27/2018	22420495816	-1.00E+06	22322667317	22457234220	-0.004363351	-0.00823279	0.001698287	0.001472134	0.006403035
07/30/2018	22235955218	0	22050435258	22322667317	-0.008343242	-0.010511884	-0.002729292	-0.003238495	-0.009595145
07/31/2018	22305118911	0	22393216738	22050435258	0.003949669	0.006546866	0.002488933	0.005603156	-0.008939184
08/01/2018	22206699356	0	22101851702	22393216738	-0.004721442	-0.004032651	-0.009878171	-0.014971944	0.009666708
08/02/2018	22243382530	1500000	22285015113	22103351702	0.001871684	0.00755861	-0.010761285	-0.014301357	-0.008373153
08/03/2018	22265146062	0	22289066581	22285015113	0.001074348	0.002019636	0.001988927	0.007252812	0.001634277
08/07/2018	22463341304	0	22595531398	22289066581	0.005884703	0.004289549	0.009154394	0.009711509	0.010933689
08/08/2018	22518279128	0	22578243847	22595531398	0.002662935	0.002693493	0.001885049	0.004967964	0.000474174
08/09/2018	22450954996	0	22396606418	22578243847	-0.002420769	-0.003162053	-0.003468523	-0.007295823	-0.000930799
08/13/2018	22026784232	0	21940582704	21948967518	-0.003913487	-0.002141085	-0.002028596	-0.001235443	-0.018901585
08/14/2018	22083634823	0	22145629497	21940582704	0.002807268	0.004470046	-0.005687118	-0.007777796	0.012992271
08/15/2018	22021936289	0	21942759498	22145629497	-0.00359536	-0.001231215	-0.012467463	-0.015064918	0.003242687
08/16/2018	22158598095	0	22285460039	21942759498	0.005725179	0.006120777	0.009748605	0.010431263	-0.00073384
08/17/2018	22133822109	0	22107714458	22285460039	-0.001179536	-0.001218342	-0.003972328	-0.003116193	-0.000293135
08/20/2018	22183243312	0	22238922801	22107714458	0.00250998	0.00154699	0.006907214	0.005075326	-0.000565364
08/21/2018	22211397254	0	22236079899	22238922801	0.00111126	7.58E-05	0.007966932	0.002875928	-0.001701478
08/22/2018	22213887191	0	22225465447	22236079899	0.000521217	-0.001853771	0.005082244	0.003037167	0.000994882
08/23/2018	22158684218	0	22109683930	22225465447	-0.002211336	-0.000848389	-0.002855741	-0.006323277	0.002073268
08/24/2018	22286451210	14997500	22411816140	22124681430	0.005625163	0.006044528	0.004877447	0.003562859	0.004590792
08/27/2018	22361812076	0	22438724195	22411816140	0.00343944	0.002569438	0.003847896	-0.002624515	0.005661633
08/28/2018	22309265611	0	22230957619	22438724195	-0.003510111	-0.004434434	-0.001308846	-0.000227632	-0.003199499
08/29/2018	22439992519	-50000	22596126879	22230907619	0.006957862	0.008817225	0.004231907	0.004761112	-0.004591924
08/30/2018	22339659893	-2.10E+07	22278096721	22575126879	-0.002755779	-0.003085015	-0.004834456	-0.003994104	0.01283979
08/31/2018	22419050309	0	22480490544	22278096721	0.002740537	0.005609971	-0.004534066	-0.006345913	0.004161361
09/04/2018	22528363602	0	22603276885	22480490544	0.003325287	0.006516338	-0.004981235	-0.002186898	0.003353185
09/05/2018	22458857015	-75000	22364254565	22603201885	-0.004212256	-0.002387073	-0.004529736	6.78E-05	-0.006803439
09/06/2018	22359325752	0	22291312253	22364254565	-0.00304184	-0.002896707	-0.004618133	-0.008508502	0.000125798
09/07/2018	22221136813	0	22088387532	22291312253	-0.005974009	-0.005237702	-0.006336236	-0.008517768	-0.00859515
09/10/2018	22482616383	0	22548852523	22088387532	0.002946105	0.002468986	0.00699551	0.006148731	0.001725335
09/11/2018	22489994045	0	22506112638	22548852523	0.000716701	0.002062363	-0.003804081	-0.003997614	0.001094344
09/12/2018	22313500163	0	22141298854	22506112638	-0.00771736	-0.009691054	-0.001981786	-0.002882248	-0.004661638
09/13/2018	22429612559	0	22540708220	22141298854	0.00495308	0.005436791	0.00293837	0.001294588	0.003632374
09/14/2018	22474487527	0	22558107558	22540708220	0.003720665	0.002120424	0.004688416	0.003409658	0.013825257
09/17/2018	22426053488	0	22352493016	22558107558	-0.003280135	-0.006065588	0.002698651	0.005159923	0.002389527
09/18/2018	22468670030	-27001000	22525569551	22325492016	0.002532394	0.002436894	-0.000960246	-0.003143838	0.004118563
09/19/2018	22479501687	0	22482833502	22525569551	0.000148216	-0.001135856	-0.001650154	0.001851191	0.007415121
09/20/2018	22561861583	0	22655495735	22482833502	0.004150108	0.003719164	0.009903527	0.008445439	-0.003122143
09/21/2018	22624820058	0	22682962601	22655495735	0.002569857	0.000212337	0.005662637	0.005361233	0.008210194
09/24/2018	22590958227	0	22546779015	22682962601	-0.001955615	-0.002319819	-0.001928361	0.000196069	0.001316317
09/25/2018	22593005265	-34800000	22639840838	22511979015	0.002073012	0.0001624	0.005666788	0.009788879	0.00108657
09/26/2018	22420518875	-154096978.1	22416703727	22485743860	-0.000170163	-0.001826836	0.001286857	0.003546379	0.011253194
09/27/2018	22583306541	0	22748771967	22416703727	0.007326891	0.010263608	0.004929227	0.006899286	-0.013926932
09/28/2018	22285343815	0	22000556646	22748771967	-0.012779124	-0.010683764	-0.02410971	-0.021019622	0.00064035
10/01/2018	22154905113	0	22024204454	22000556646	-0.005899401	-0.004201091	-0.008461225	-0.009454534	-0.004392972
10/02/2018	22110984505	0	22059136291	22024204454	-0.002344908	-0.000669433	-0.007954414	-0.007854503	0.004318678
10/03/2018	22132271033	0	22134966561	22059136291	0.000121792	0.000828567	0.003584081	0.006681785	-0.010866044
10/04/2018	22075364877	0	21986185313	22134966561	-0.004039778	-0.00403141	-0.008197053	-0.006318655	0.004211517
10/05/2018	22035729229	0	21986019665	21986185313	-0.002255862	-0.001318846	-0.005337963	-0.005573002	-0.004952503
10/09/2018	21967938735	0	21910301415	21986019665	-0.002623702	-0.001802827	0.001261207	0.001916842	-0.011931757
10/10/2018	21508123805	0	21031433024	21910301415	-0.02216329	-0.031969232	-0.009771298	-0.003589053	0.017062872
10/11/2018	21178263093	0	20849047087	21031433024	-0.015544996	-0.01506474	-0.01195004	-0.013044071	-0.040609981
10/12/2018	21258070285	0	21410129078	20849047087	0.007152991	0.012263807	-0.003732178	-0.007565203	0.003609136
10/15/2018	21105038783	0	20944337041	21410129078	-0.007614378	-0.009491346	-0.000459121	-7.46E-05	-0.017462568
10/16/2018	21389854591	0	21688702928	20944337041	0.013971499	0.01787583	0.011688247	0.006030274	0.0037592
10/17/2018	21484928940	0	21581538311	21688702928	0.004496611	0.005041695	-0.003108307	-0.001235512	0.016135447
10/18/2018	21298617882	0	21085209955	21581538311	-0.010019802	-0.012497057	-0.006636894	-0.006538338	0.001044568
10/19/2018	21390214719	0	21497293815	21085209955	0.005005985	0.005661906	0.005316353	0.006986105	-0.007269636
10/22/2018	21310332398	0	21204007655	21497293815	-0.004989352	-0.004983178	-0.007126523	-0.007157482	0.000896475
10/23/2018	21144638856	0	20959816797	21204007655	-0.008740847	-0.004752584	-0.015952971	-0.011710302	-0.024589223
10/24/2018	20513754856	0	19909262805	20959816797	-0.029467645	-0.038036152	-0.015018909	-0.010893432	0.00327326
10/25/2018	20766045004	-43001375	21079465200	19866261430	0.015092917	0.024888214	0.009806372	0.004408634	-0.037593965
10/26/2018	20527000071	-43001375	20315598331	21036463825	-0.010298716	-0.015488131	-0.006622841	-0.006881606	0.003128499
10/29/2018	20509142712	0	20469496826	20315598331	-0.001933084	-0.005385566	0.011872494	0.01256245	-0.003594984
10/30/2018	20726109908	0	20956824923	20469496826	0.011131612	0.015860196	-0.002016675	-0.004300883	0.006370419
10/31/2018	20959664478	0	21219069900	20956824923	0.012376411	0.010774324	0.01403449	0.016716585	0.026476128
11/01/2018	21169397101	34935322.97	21329840993	21254005223	0.007579049	0.008710975	0.008147679	0.011587266	-0.014017944
11/02/2018	21151848730	21412183.81	21107220525	21351253177	-0.002109896	-0.00639247	0.001042686	-0.003766466	0.023128097
11/05/2018	21127806761	0	21138728661	21107220525	0.000516944	0.004142648	-0.001124462	0.004316828	-0.015359182
11/06/2018	21275516471	0	21433347377	21138728661	0.007418429	0.008757974	0.001296791	-0.001824701	0.010224276
11/07/2018	21590495512	-8000	21928111145	21433339377	0.015637234	0.020352746	0.014538212	0.01429576	-0.00440033
11/08/2018	21596670184	0	21571800676	21928111145	-0.001151544	-0.003041586	-0.002547072	0.002093452	0.016539987
11/09/2018	21566515308	-0.010000002	21515071139	21571800676	-0.002385372	-0.002393518	-0.003217872	-0.005614385	-0.00408976
11/12/2018	21271406634	0	20955943637	21515071139	-0.014830378	-0.017881016	-0.01724797	-0.017951945	0.003494966
11/13/2018	21282352806	0	21302985316	20955943637	0.000969466	0.000444496	0.011260005	0.012152497	-0.021098237
11/14/2018	21138824932	-19775000	21003115402	21283210316	-0.006419918	-0.008504216	-0.004490454	-0.003178752	0.003569032
11/15/2018	21218969562	0	21338127161	21003115402	0.005615617	0.010402842	-0.009839311	-0.016324366	-0.00694594
11/16/2018	21134145165	0	21054855488	21338127161	-0.003751733	-0.004254652	-0.001808796	-0.005844314	-0.000697855
11/19/2018	20940933677	0	20758274317	21054855488	-0.008722599	-0.014510648	2.35E-05	0.002141141	0.010606285
11/20/2018	20698576499	0	20458443438	20758274317	-0.011601429	-0.01352934	-0.010389158	-0.005808624	-0.002667307
11/21/2018	20857100066	0	21038756416	20458443438	0.008709569	0.007742791	0.014603965	0.015831482	-0.011694058
11/22/2018	20678555325	-45250000	20547299478	20993506416	-0.006347438	-0.006092516	-0.011956991	-0.011241846	0.004347523
11/23/2018	20613591265	0	20549251327	20547299478	-0.003121239	-0.005201628	-0.000197029	-0.005240229	0.003502492
11/26/2018	20858426476	0	21122100033	20549251327	0.012641105	0.015916151	0.012255111	0.013928608	0.003154632
11/28/2018	21306977630	-5000	21746329686	20978670076	0.020620102	0.028750186	0.004373217	0.004909356	0.009696041
11/29/2018	21244606839	0	21180358048	21746329686	-0.00302424	-0.007837523	0.006111259	0.001228122	0.006094103
11/30/2018	21320890431	-1600000	21405134782	21178758048	0.003951259	0.008868679	-0.006654157	-0.009100356	0.004839921
12/03/2018	21409091564	0	21511855586	21405134782	0.004800018	0.003373176	0.004984518	0.002374817	0.001247761
12/04/2018	20929808252	0	20450582077	21511855586	-0.022896826	-0.03126459	-0.00612227	-0.00508154	-0.011245232
12/05/2018	21132399792	0	21320037467	20450582077	0.008879147	0.01302389	0.000360175	-0.000972259	-0.002252231
12/06/2018	20987199308	0	20877019402	21320037467	-0.005249862	0.001948247	-0.024039155	-0.024614279	-0.012629487
12/07/2018	20509094975	0	20047134168	20877019402	-0.02252468	-0.03295965	-0.002952455	-0.000737742	0.003615991
12/10/2018	20479343246	0	20507090824	20047134168	0.001354906	0.009486899	-0.012381405	-0.018549931	-0.02119774
12/11/2018	20516692527	0	20566170935	20507090824	0.002411617	0.00109888	0.012145462	0.01373116	-0.004270757
12/12/2018	20593622958	0	20689383663	20566170935	0.004650017	-0.000763903	0.01436606	0.015483697	0.019357145
12/13/2018	20509200349	-103986005.7	20531360594	20585397658	0.001080503	0.001524908	-0.001591261	-0.002049146	0.007318033
12/14/2018	20229705609	0	19928933343	20531360594	-0.014867852	-0.017874766	-0.00947211	-0.008096955	-0.015971742
12/17/2018	19950560118	0	19670253807	19928933343	-0.014050047	-0.020334082	-0.00754795	-0.006000808	0.012637846
12/18/2018	19985746209	0	20021566597	19670253807	0.001792297	0.005020496	-0.0008646	-0.00412711	-0.011102377
12/19/2018	19795138052	5975493.16	19599178388	20027542090	-0.009899384	-0.017226738	0.006429458	0.008680622	-0.004337083
12/20/2018	19664901690	25500	19462908639	19599203888	-0.010271755	-0.010270947	-0.0095136	-0.003070785	-0.016322129
12/21/2018	19388304939	0	19183359394	19462908639	-0.010570576	-0.016233269	0.004520675	0.008924128	-0.004013001
12/24/2018	19067031419	0	18782009002	19183359394	-0.014948442	-0.024671684	-0.001769285	0.000730623	0.007182592
12/28/2018	19867943046	0	19956444940	19971145971	0.004454507	-0.001461248	0.022834163	0.026470771	0.00493979
12/31/2018	20041210953	-3875000	20216815644	19952569940	0.00876218	0.010193602	0.005640329	0.004909759	0.005911657
01/02/2019	19959789759	0	19854516090	20216815644	-0.005274287	-0.002543598	-0.011793504	-0.013392025	0.003775256
01/03/2019	19533573599	0	19113842749	19854516090	-0.021487663	-0.031422679	-0.013281898	-0.013099271	0.004522891
01/04/2019	19878159892	0	20240838204	19113842749	0.018245065	0.024997356	0.020614657	0.02201967	-0.03835382
01/07/2019	19937984126	0	19985518288	20240838204	0.002384101	0.001219993	-0.00269788	-0.0058699	0.016762798
01/08/2019	20068035724	0	20196352729	19985518288	0.006394099	0.007723531	0.00496029	0.002616947	0.006086301
01/09/2019	20161261343	-175000	20249922106	20196177729	0.00439758	0.000508723	0.007828871	0.003766272	0.011460795
01/10/2019	20201830805	-8739800	20258035975	20241182306	0.002782182	0.003721841	0.003525401	0.007243207	-0.013453626
01/15/2019	20286867224	0	20416670273	20092648317	0.006398378	0.009159663	-0.001131701	-0.00391343	0.003342971
01/16/2019	20334981965	0	20373559849	20416670273	0.001897119	0.002638172	0.002436512	-0.000113261	-0.009988928
01/17/2019	20501914269	0	20665137407	20373559849	0.007961361	0.010861496	0.002321005	0.002968906	-0.001881598
01/18/2019	20679791964	0	20875541368	20665137407	0.009465734	0.0099055	0.013577586	0.015954027	0.007011583
01/21/2019	20740521759	0	20800765738	20875541368	0.002904651	0.002868033	0.000850953	0.002196331	0.006054452
01/22/2019	20619746733	0	20469198554	20800765738	-0.007301165	-0.010521815	-0.000693664	-0.001200753	0.002522498
01/23/2019	20672109388	0	20716528511	20469198554	0.002148747	0.003668268	0.002868192	0.000873543	-0.004490501
01/24/2019	20682674477	-2748500	20689637892	20713780011	0.000336679	0.000138578	-0.001264244	-0.006096067	-0.000549428
01/25/2019	20724476162	0	20793214349	20689637892	0.003316764	0.002402784	0.003975361	0.002073839	0.00034894
01/28/2019	20607440294	0	20474604423	20793214349	-0.006446015	-0.007959103	-0.006556526	-0.010257885	-0.000830223
01/29/2019	20629810705	0	20659259033	20474604423	0.001427465	-0.000251103	0.007477038	0.013362862	0.000922464
01/30/2019	20716412212	-2500000	20826299455	20656759033	0.005304357	0.010002302	-0.000987046	0.004350168	-0.010980319
01/31/2019	20769585744	0	20846540549	20826299455	0.003705168	0.003401967	-0.000449155	0.005230466	0.010176722
02/01/2019	20716187986	0	20676036071	20846540549	-0.00193819	-0.001616377	-0.000195049	0.000140878	-0.006787268
02/04/2019	20835458310	0	20956721071	20676036071	0.005820019	0.008543827	-0.001114585	0.002974521	0.001632553
02/05/2019	21042373945	0	21195791061	20956721071	0.007290865	0.005320969	0.013072208	0.009814643	-0.001288739
02/06/2019	21084030339	-3143500	21114267610	21192647561	0.001434131	0.00123288	0.00215393	0.004726698	0.008048446
02/07/2019	21010368097	0	20939631880	21114267610	-0.003366729	-0.002929011	-0.01044781	-0.003963736	0.002623563
02/08/2019	20955939475	0	20913225979	20939631880	-0.002038253	0.00165717	-0.007067728	-0.004432445	-0.021628359
02/11/2019	21030407082	0	21097064535	20913225979	0.003169575	0.003347446	0.006539481	0.004701316	-0.004165393
02/12/2019	21144472373	-28276698.7	21307784290	21068787837	0.007723622	0.008933053	0.002756092	-0.001918084	0.020309027
02/13/2019	21105453376	-75237055.7	21147627917	21232547234	0.001998277	0.001170448	0.003081933	0.006111896	0.009948109
02/14/2019	21142125194	-65750000	21232968501	21081877917	0.004296792	0.003829803	0.002166282	-0.000580358	0.007712383
02/15/2019	21261889231	0	21396435998	21232968501	0.006328072	0.007880871	0.01011062	0.007786123	-0.015137866
02/19/2019	21206591969	0	21275503254	21396435998	0.003249522	0.003125383	0.001842611	0.004034898	-0.001180227
02/20/2019	21120816207	0	21060662214	21275503254	-0.00284809	-0.004871664	0.001322384	0.002692252	0.00117101
02/21/2019	21093719455	0	21054433398	21060662214	-0.001862453	-0.002618533	-0.002026143	-0.007375616	0.007122691
02/22/2019	21156123770	-21700000	21257432631	21032733398	0.004788631	0.006563771	0.001644304	0.000982586	-0.00893617
02/25/2019	21167479677	0	21201273864	21257432631	0.001596514	0.000434456	0.002492004	0.000657888	0.005361592
02/26/2019	21204910846	0	21242000844	21201273864	0.001749123	0.000954033	0.00664249	0.0103785	-0.000758788
02/27/2019	21109042965	0	21026414306	21242000844	-0.003914373	-0.004747096	-0.004932325	-0.003098546	0.000276354
03/01/2019	21190350242	0	21413014885	20968446608	0.010507832	0.012323551	0.009351724	0.005584004	0.014878308
03/04/2019	21259245384	0	21332118168	21413014885	0.003427816	0.002250638	0.002570386	0.004607679	0.012066692
03/05/2019	21258630267	0	21266993248	21332118168	0.000393392	0.00063046	0.001831498	0.004062293	-0.002079928
03/06/2019	21268704094	-7898750	21296305033	21259094498	0.001297725	-0.001052778	0.006132554	0.010279289	0.001821901
03/07/2019	21175345655	-3302500	21032410501	21293002533	-0.006750074	-0.007053973	-0.010751954	-0.006808588	-0.003768396
03/08/2019	21075382323	-3750000	20978316861	21028660501	-0.004605632	-0.001797482	-0.008261908	-0.014732199	-0.019265591
03/11/2019	21275828368	0	21488870880	20978316861	0.010013359	0.013193713	0.005422621	0.008408335	0.002627472
03/12/2019	21302931995	0	21332852946	21488870880	0.001404546	0.00011316	0.001069813	-8.81E-05	0.013577359
03/13/2019	21320203107	0	21343364310	21332852946	0.00108635	0.002095852	0.004561803	0.006294742	-0.012155393
03/14/2019	21262761589	-64600000	21272495408	21278764310	0.000457787	-0.000943073	0.007238907	0.007853449	-0.002541226
03/15/2019	21411364368	0	21574738740	21272495408	0.007630264	0.006645349	0.010394473	0.007129412	0.009933463
